total_reward,mean_reward,loss,mae,mean_q,episode_steps,step
365.34303567452304,0.48647541368112257,0.641958, 24.461648, 33.648336,751,751
488.15163004654073,0.6963646648310139,0.329799, 18.609259, 25.219736,701,1452
480.9404740987685,0.6295032383491734,0.215796, 11.848031, 16.144371,764,2216
386.9102694266514,0.4848499616875331,0.101942, 7.509650, 10.344425,798,3014
463.16784866360115,0.6134673492233128,0.061256, 5.474450, 7.585714,755,3769
536.9018054851526,0.738516926389481,0.048686, 4.337716, 6.042320,727,4496
579.5849416699563,0.7317991687751974,0.035512, 3.641688, 5.085020,792,5288
625.3222299267384,0.8068673934538559,0.032914, 2.570324, 3.605087,775,6063
649.5172082142625,0.8435288418367045,0.019101, 2.053491, 2.897042,770,6833
658.3850083178538,0.9299223281325619,0.018682, 2.152497, 3.014915,708,7541
567.4456069472278,0.7274943678810613,0.020770, 2.356679, 3.277038,780,8321
680.3935147429326,0.888242186348476,0.021802, 2.499166, 3.454902,766,9087
704.8024229518411,0.9816189734705307,0.025353, 2.622832, 3.601314,718,9805
594.4161958555931,0.8221524147380264,0.023555, 2.756410, 3.771620,723,10528
543.1442249770738,0.7174956736817355,0.026075, 2.805445, 3.835886,757,11285
629.7637752406972,0.8221459206797613,0.030395, 2.814840, 3.859211,766,12051
707.9668697489443,0.9541332476400867,0.031107, 2.848204, 3.902058,742,12793
611.7604893984858,0.8665162739355323,0.032765, 2.931803, 4.007638,706,13499
650.8216212203665,0.9166501707329106,0.033764, 2.998733, 4.091749,710,14209
654.7864990629181,0.8649755601887954,0.030267, 3.027096, 4.133264,757,14966
731.4566287486714,0.9223917134283371,0.034353, 3.058565, 4.175609,793,15759
734.3442466408494,0.9475409634075476,0.031165, 3.171615, 4.319365,775,16534
699.9837308488471,0.9259044058847185,0.028814, 3.259696, 4.431380,756,17290
720.3721828690178,0.959217287442101,0.028246, 3.308534, 4.494035,751,18041
711.4790716995565,0.9121526560250725,0.029313, 3.348876, 4.558184,780,18821
663.6088542066726,0.8919473846863879,0.028982, 3.364090, 4.576904,744,19565
602.0538865753466,0.7758426373393642,0.027406, 3.375134, 4.592890,776,20341
593.2958430408772,0.8083049632709499,0.029732, 3.327810, 4.540042,734,21075
673.2905119013474,0.8437224459916634,0.033047, 3.284865, 4.487697,798,21873
609.0920000646732,0.7849123712173625,0.033980, 3.241852, 4.438619,776,22649
752.0546458942887,0.9703930914765015,0.035092, 3.189790, 4.371240,775,23424
643.0621072085823,0.8181451745656264,0.030025, 3.218504, 4.411097,786,24210
610.0355790416672,0.8531966140442898,0.029708, 3.185401, 4.361478,715,24925
670.8026869028561,0.8655518540682013,0.028923, 3.225909, 4.410091,775,25700
654.9835854102793,0.9330250504419932,0.030217, 3.264294, 4.459681,702,26402
719.2458701610233,0.9577175368322547,0.027737, 3.315055, 4.528853,751,27153
709.1447824034562,0.8897676065288033,0.025272, 3.370396, 4.595394,797,27950
721.9351621799633,0.9638653700667067,0.026284, 3.363193, 4.582751,749,28699
716.2678255533765,0.9412192188612043,0.028321, 3.396045, 4.624052,761,29460
674.4625426897906,0.9213969162428832,0.026010, 3.442582, 4.685977,732,30192
519.3893138227304,0.7095482429272273,0.023266, 3.460141, 4.700588,732,30924
661.4866567365706,0.9200092583262456,0.025126, 3.415957, 4.631861,719,31643
696.0446995959223,0.8900827360561667,0.027620, 3.392807, 4.598705,782,32425
704.295677787396,0.9674391178398297,0.025647, 3.394316, 4.603508,728,33153
665.4273394121892,0.8955953424120985,0.024475, 3.390739, 4.602723,743,33896
633.7317132279533,0.8145651840976263,0.027879, 3.373042, 4.579392,778,34674
653.5851511644462,0.8565991496257486,0.026893, 3.315980, 4.513027,763,35437
695.1878711635477,0.9244519563345049,0.030861, 3.358030, 4.564736,752,36189
656.3197583918057,0.9166477072511253,0.025290, 3.391610, 4.612462,716,36905
572.920822462672,0.7252162309654077,0.029269, 3.385788, 4.601258,790,37695
687.5455924233291,0.9379885299090438,0.025522, 3.304500, 4.493110,733,38428
668.4479833852633,0.8972456152822327,0.028208, 3.302485, 4.486865,745,39173
693.1378964480012,0.9859714031977258,0.024270, 3.328152, 4.523707,703,39876
715.6629668198731,0.9925977348403233,0.024778, 3.395266, 4.606364,721,40597
664.0831635972589,0.8772564908814517,0.022796, 3.419350, 4.635001,757,41354
690.5849002923792,0.906279396709159,0.021861, 3.419726, 4.631640,762,42116
655.5818197405667,0.8683202910471083,0.018932, 3.455597, 4.684539,755,42871
645.3129152403433,0.8767838522287272,0.023706, 3.466836, 4.700261,736,43607
612.8621532734696,0.8074600174881023,0.027681, 3.441287, 4.665771,759,44366
649.9457785730463,0.8642895991662849,0.029032, 3.381018, 4.593716,752,45118
628.3461275308998,0.8900086792222377,0.030498, 3.314110, 4.515495,706,45824
710.4099863079853,0.9880528321390616,0.029149, 3.327745, 4.530600,719,46543
702.0504074252698,0.9035397778961001,0.033440, 3.346863, 4.551637,777,47320
672.0369391708488,0.8421515528456751,0.030385, 3.343303, 4.547886,798,48118
657.5508324795912,0.9209395412879429,0.028975, 3.337858, 4.538780,714,48832
642.1257533233922,0.8561676710978563,0.033551, 3.366614, 4.565272,750,49582
667.1856215679896,0.8608846729909544,0.034809, 3.379951, 4.571799,775,50357
644.8161816011051,0.9094727526108676,0.030626, 3.382800, 4.579454,709,51066
659.6775807825491,0.9265134561552655,0.032330, 3.363255, 4.549259,712,51778
567.8806860859718,0.7188363115012301,0.031543, 3.348144, 4.525971,790,52568
730.0295458080957,0.9542869879844388,0.030304, 3.314705, 4.480474,765,53333
695.0879976184981,0.8776363606294167,0.025763, 3.332362, 4.505181,792,54125
592.2389741039078,0.835315901415949,0.027034, 3.321558, 4.499950,709,54834
617.959352904974,0.8752965338597366,0.025663, 3.325595, 4.510004,706,55540
577.5169593546146,0.8191729919923612,0.028901, 3.300875, 4.485861,705,56245
652.6060354470324,0.9256823197830246,0.033082, 3.267847, 4.451458,705,56950
683.1209491571499,0.9144858757123827,0.027648, 3.310194, 4.520088,747,57697
713.6750442558478,0.9068297893975193,0.029063, 3.329024, 4.558438,787,58484
657.9379557204693,0.8939374398375941,0.027007, 3.338675, 4.562528,736,59220
679.7958286008976,0.9588093492255255,0.030032, 3.383505, 4.603958,709,59929
705.3619496762174,0.8996963643829303,0.027899, 3.401718, 4.626341,784,60713
658.5624762949417,0.8631225115267912,0.030676, 3.432828, 4.661741,763,61476
719.0077306498966,0.9337762735712943,0.024892, 3.425066, 4.642728,770,62246
677.5221428607805,0.9345133004976283,0.027839, 3.421563, 4.638403,725,62971
605.7132929492236,0.758089227721181,0.026683, 3.413421, 4.630939,799,63770
638.5078231119201,0.8734717142433926,0.031022, 3.352140, 4.560603,731,64501
613.4632553578258,0.841513381835152,0.032527, 3.311010, 4.514096,729,65230
610.3460616557479,0.8292745402931357,0.034380, 3.274084, 4.465849,736,65966
656.1152451804703,0.9037400071356341,0.033645, 3.247019, 4.440674,726,66692
581.3701320722207,0.787764406601925,0.035715, 3.213040, 4.415829,738,67430
679.6278572168064,0.9297234708848241,0.035081, 3.158122, 4.360860,731,68161
604.5843631932561,0.8071887359055488,0.032708, 3.197693, 4.402204,749,68910
638.7459051713658,0.8596849329358894,0.035199, 3.214238, 4.401249,743,69653
693.8774925061762,0.8816740692581654,0.034049, 3.240870, 4.434972,787,70440
744.3190407134814,0.9409848808008614,0.030855, 3.290311, 4.489697,791,71231
640.6275812881732,0.8181706019006044,0.030568, 3.320193, 4.517464,783,72014
488.32562488212454,0.6104070311026557,0.029541, 3.328881, 4.526341,800,72814
638.7585960771773,0.8199725238474677,0.032328, 3.200156, 4.363382,779,73593
658.5764195397364,0.8608842085486751,0.032230, 3.207336, 4.365775,765,74358
641.7898115816872,0.9064827847198972,0.029954, 3.210248, 4.357254,708,75066
615.4663666635047,0.8228159982132416,0.033079, 3.200954, 4.345264,748,75814
623.9570797217,0.8582628331797799,0.028691, 3.152830, 4.283576,727,76541
657.6709687705659,0.8356683211824217,0.034582, 3.157935, 4.290332,787,77328
535.3806211822877,0.7072399223015688,0.035291, 3.176940, 4.313697,757,78085
619.4716787482573,0.8161682196946737,0.038300, 3.183900, 4.331007,759,78844
668.071103042898,0.8653770764804378,0.035998, 3.176014, 4.330413,772,79616
694.7619032308778,0.9569723184998317,0.037167, 3.168159, 4.316849,726,80342
668.5884330407848,0.8452445424030149,0.033120, 3.196940, 4.362612,791,81133
603.8411261579581,0.8469020002215402,0.033703, 3.203806, 4.369325,713,81846
615.4613711780405,0.7830297343232068,0.026569, 3.209795, 4.374564,786,82632
703.2950042920243,0.9352327184734365,0.028091, 3.244517, 4.424083,752,83384
684.2023866922837,0.9516027631325225,0.029448, 3.310100, 4.507624,719,84103
649.426131957573,0.8368893453061508,0.024963, 3.352171, 4.557166,776,84879
704.5249674289257,0.9444034415937342,0.024863, 3.322753, 4.524307,746,85625
707.8761191434351,0.904056346287912,0.027794, 3.333019, 4.535881,783,86408
641.6666316143564,0.8647798269735262,0.028397, 3.361709, 4.569299,742,87150
655.7552944573924,0.8708569647508532,0.026642, 3.386871, 4.591991,753,87903
693.6947830288649,0.9688474623308169,0.029742, 3.380558, 4.575473,716,88619
689.3736744241353,0.9191648992321804,0.025080, 3.381587, 4.579055,750,89369
707.9295248815349,0.9076019549763268,0.028740, 3.389946, 4.590424,780,90149
688.8238245083342,0.8719288917827015,0.026373, 3.395696, 4.594812,790,90939
669.9577394046817,0.9543557541377231,0.027448, 3.390805, 4.592964,702,91641
669.9098175596098,0.8544768081117472,0.024004, 3.408330, 4.619863,784,92425
667.3430511373846,0.8678063083711113,0.026323, 3.407880, 4.616070,769,93194
610.9932963841372,0.8279041956424624,0.026265, 3.364234, 4.572983,738,93932
608.2146071288105,0.7878427553482001,0.027585, 3.304946, 4.506760,772,94704
707.3742095063401,0.9838306112744647,0.026170, 3.285270, 4.478026,719,95423
698.3956527248164,0.9437779090875897,0.028319, 3.324028, 4.531096,740,96163
698.6677233129539,0.9544641028865489,0.024564, 3.325085, 4.531921,732,96895
654.1073455407709,0.8827359588944277,0.024886, 3.342530, 4.556777,741,97636
720.7220138075703,0.9726342966363972,0.024846, 3.371365, 4.590512,741,98377
656.6168960991695,0.9366860144068038,0.022453, 3.438019, 4.668158,701,99078
619.4287325952322,0.8086536979050029,0.021153, 3.480237, 4.720302,766,99844
651.5200065035576,0.9099441431613934,0.024691, 3.452255, 4.684200,716,100560
565.3674383654084,0.762978999143601,0.028161, 3.399127, 4.622021,741,101301
716.8078094122077,0.9873385804575864,0.025594, 3.357777, 4.566279,726,102027
702.2104671007207,0.9037457749044024,0.026229, 3.382619, 4.595466,777,102804
646.5021579844033,0.8585686029009341,0.030917, 3.349081, 4.552042,753,103557
614.0074522272778,0.7912467167877291,0.032820, 3.292294, 4.487757,776,104333
578.9433791781454,0.7518745184131759,0.032033, 3.242024, 4.424839,770,105103
586.8702038251583,0.7553027076256864,0.035516, 3.192089, 4.354571,777,105880
694.0646344578264,0.9455921450379107,0.033812, 3.207420, 4.366538,734,106614
761.735898564136,0.9740868268083581,0.034424, 3.192142, 4.349919,782,107396
632.1176877724362,0.8262976310750799,0.034013, 3.215125, 4.373512,765,108161
689.1953285024526,0.9706976457781024,0.029514, 3.229053, 4.396461,710,108871
709.2734785214067,0.9128358796929301,0.030510, 3.296044, 4.471617,777,109648
705.5762528887897,0.9187190792822783,0.024923, 3.371518, 4.570565,768,110416
619.5708118855846,0.8283032244459687,0.024053, 3.427900, 4.654914,748,111164
696.7680827043149,0.9518689654430531,0.025246, 3.411743, 4.633148,732,111896
661.6348343399109,0.8301566302884703,0.029771, 3.387344, 4.605432,797,112693
751.1565373873236,0.950831059983954,0.030019, 3.372643, 4.580841,790,113483
654.9198287268798,0.8732264383025065,0.030784, 3.366072, 4.562282,750,114233
620.7704467513184,0.827693929001758,0.030806, 3.342729, 4.534846,750,114983
743.7566282014279,0.9547581876783414,0.031098, 3.315324, 4.509542,779,115762
710.7000692909853,0.9748972143909264,0.026828, 3.373208, 4.590117,729,116491
613.5738760032767,0.8302758809245964,0.024279, 3.375778, 4.597979,739,117230
668.3783324430987,0.8911711099241315,0.027063, 3.383061, 4.608594,750,117980
662.0474975766977,0.8598019449048021,0.024747, 3.356779, 4.580421,770,118750
641.6471721689638,0.8532542183097923,0.026553, 3.348438, 4.567901,752,119502
658.4250295434013,0.9157510842050087,0.026616, 3.362867, 4.582352,719,120221
695.4748777494126,0.9619292914929635,0.025223, 3.370189, 4.593848,723,120944
710.2586196220057,0.9559335391951624,0.027596, 3.367280, 4.592949,743,121687
693.1920501493765,0.8875698465420955,0.024327, 3.382669, 4.614788,781,122468
680.2032687936536,0.9382114052326257,0.024324, 3.391980, 4.624646,725,123193
702.8012673987434,0.9458967259740827,0.022714, 3.420925, 4.659821,743,123936
663.44885103569,0.9253122050706974,0.026853, 3.468473, 4.712050,717,124653
