total_reward,mean_reward,loss,mae,mean_q,episode_steps,step
188.7811202832557,0.1887811202832557,0.954802, 2.572458, -2.446110,1000,1000
52.8529865566983,0.05859532877682738,0.138540, 0.582741, 0.004532,902,1902
135.191128688726,0.1464692618512741,0.079237, 0.422634, 0.137222,923,2825
36.31248287864726,0.03908771031070749,0.052419, 0.322848, 0.245964,929,3754
54.80018628528261,0.057745191027695056,0.558362, 0.447186, 0.582809,949,4703
54.67291947349763,0.06074768830388626,0.374940, 0.728155, 1.327775,900,5603
94.841252901045,0.10514551319406319,0.054648, 0.780726, 1.224096,902,6505
263.9167552612073,0.2825661191233483,0.041757, 0.893494, 1.290483,934,7439
195.5326889070842,0.21230476537142692,0.041911, 0.975157, 1.421685,921,8360
84.01876846640924,0.09053746601983755,0.051009, 1.066085, 1.471818,928,9288
236.8570542362122,0.25578515576264815,0.067872, 1.061747, 1.428593,926,10214
224.2818521065093,0.23633493372656406,0.073244, 1.065925, 1.423502,949,11163
339.50360617221787,0.34432414419089036,0.058048, 1.069836, 1.447610,986,12149
430.29846333567684,0.4539013326325705,0.042455, 1.112330, 1.550300,948,13097
446.9483262294281,0.4626794267385384,0.035515, 1.203999, 1.774473,966,14063
388.31958321641537,0.4036586104120742,0.028357, 1.349082, 1.954124,962,15025
405.40807318886,0.42495605156064986,0.020139, 1.439535, 2.046827,954,15979
488.3982211128758,0.5217929712744399,0.021954, 1.511427, 2.128920,936,16915
494.55286344237317,0.5146231669535621,0.025311, 1.625553, 2.295047,961,17876
592.6936482175456,0.6148274359103171,0.025163, 1.806721, 2.571873,964,18840
707.0783802007101,0.7778640046212432,0.031394, 1.958173, 2.762513,909,19749
531.4459686075112,0.5782872346110024,0.035540, 2.126664, 2.986422,919,20668
606.5848104280105,0.6139522372753143,0.035860, 2.268067, 3.163988,988,21656
594.1930600327913,0.6267859283046322,0.035554, 2.327666, 3.223570,948,22604
643.036302320781,0.664980664240725,0.039922, 2.342770, 3.219447,967,23571
487.09274250664674,0.5132694863083738,0.042343, 2.411073, 3.317568,949,24520
533.1717490862142,0.5678080394954358,0.041817, 2.327623, 3.218063,939,25459
597.2075519528693,0.6400938391777805,0.036815, 2.359811, 3.284120,933,26392
633.0782239635082,0.6622157154430002,0.041063, 2.406464, 3.364056,956,27348
619.4724040787842,0.6412757806198593,0.038759, 2.432041, 3.401529,966,28314
630.0335427120527,0.6535617662988099,0.039720, 2.411507, 3.360822,964,29278
651.8103819925403,0.6890173171168502,0.039903, 2.446263, 3.383585,946,30224
716.1149742537284,0.7650801006984278,0.041246, 2.487175, 3.425474,936,31160
524.3456750682005,0.5405625516167016,0.039137, 2.525613, 3.474558,970,32130
546.8838297030999,0.5661323288851966,0.038401, 2.466586, 3.395291,966,33096
609.0048330162762,0.6670370569729203,0.040027, 2.443294, 3.366055,913,34009
626.8369498908853,0.6543183193015504,0.040538, 2.440521, 3.363798,958,34967
613.2881427594597,0.6503585819294376,0.040425, 2.421426, 3.347605,943,35910
514.4355121556473,0.5238650836615553,0.036165, 2.347999, 3.254342,982,36892
519.4337260931225,0.522569140938755,0.037351, 2.348511, 3.264592,994,37886
587.6241972898756,0.5935597952422986,0.036516, 2.323624, 3.233164,990,38876
697.7276161158047,0.7658920045178976,0.037823, 2.284613, 3.183561,911,39787
619.6912140913541,0.6355807324013889,0.038745, 2.333989, 3.246210,975,40762
591.6056655066131,0.6086478040191493,0.039109, 2.316163, 3.208948,972,41734
574.6000132912338,0.5798183786995296,0.042411, 2.401261, 3.313863,991,42725
545.794648810815,0.5769499458888108,0.042869, 2.391055, 3.286566,946,43671
506.2632750159713,0.5103460433628743,0.040580, 2.363276, 3.242903,992,44663
665.5985682918345,0.7274301292806934,0.036835, 2.281419, 3.124861,915,45578
545.3525090900007,0.5469934895586768,0.038306, 2.326120, 3.178023,997,46575
670.5479931037546,0.7434013227314352,0.039831, 2.395136, 3.282908,902,47477
631.9093627304549,0.6921241650935979,0.041736, 2.465159, 3.378017,913,48390
600.5068556495737,0.6429409589395864,0.040147, 2.519110, 3.459665,934,49324
578.8538024823786,0.6184335496606609,0.041697, 2.600383, 3.570689,936,50260
625.2094692825887,0.6373185211851057,0.037695, 2.553183, 3.509906,981,51241
582.2565054919007,0.624069137719079,0.036573, 2.530669, 3.470309,933,52174
649.2346631890687,0.7118801131459086,0.030833, 2.489959, 3.422171,912,53086
654.678725879452,0.6763209978093513,0.030810, 2.481494, 3.405970,968,54054
684.6673666744655,0.7590547302377666,0.034050, 2.505292, 3.426982,902,54956
592.0023938455929,0.6134739832596817,0.034920, 2.567455, 3.502656,965,55921
650.8935959944256,0.7098076292196571,0.033139, 2.547557, 3.474128,917,56838
638.4262878516311,0.6574936023188785,0.036430, 2.628660, 3.583900,971,57809
640.8680576949344,0.6774503781130384,0.039742, 2.620187, 3.573468,946,58755
634.3288922307786,0.6865031301198903,0.038056, 2.629235, 3.586457,924,59679
588.161758521132,0.6152319649802637,0.035796, 2.589045, 3.537907,956,60635
635.5711317144828,0.6572607360025675,0.036540, 2.600930, 3.548807,967,61602
586.3624003374499,0.6507906774000554,0.034702, 2.559734, 3.491111,901,62503
644.8785048682362,0.6474683783817632,0.035575, 2.533577, 3.453303,996,63499
611.8450865399609,0.6281777069198777,0.036046, 2.525432, 3.450351,974,64473
621.6055354545396,0.6860988250050105,0.037280, 2.483922, 3.389997,906,65379
620.9357070134487,0.6303915807243133,0.036865, 2.467950, 3.374140,985,66364
609.8228807689833,0.6480583217523733,0.037183, 2.471920, 3.378352,941,67305
616.0421067332722,0.6430502157967352,0.039510, 2.469935, 3.381572,958,68263
592.9764739304588,0.6581314915987334,0.039983, 2.439987, 3.341961,901,69164
525.8337467786711,0.5279455288942481,0.039716, 2.462049, 3.383301,996,70160
566.5433733017295,0.6118178977340492,0.038029, 2.407864, 3.341764,926,71086
648.8910481553454,0.6925197952565052,0.035496, 2.412875, 3.355045,937,72023
562.3792612856591,0.5888788076289625,0.036623, 2.446412, 3.406472,955,72978
649.3645838585247,0.7159477220049887,0.035652, 2.481842, 3.443065,907,73885
549.1985284400635,0.5541862042785706,0.037030, 2.505122, 3.465907,991,74876
587.2883141284574,0.6349062855442783,0.037809, 2.517871, 3.457429,925,75801
606.1234281695561,0.6653385600104896,0.039660, 2.524763, 3.448874,911,76712
582.3906325254841,0.6228776818454376,0.038106, 2.508629, 3.421075,935,77647
648.4188169836214,0.7040378034567008,0.042152, 2.516358, 3.431500,921,78568
582.0001877700098,0.6409693697907597,0.040727, 2.495617, 3.405504,908,79476
508.2997524285749,0.5356161774800579,0.042818, 2.517591, 3.425414,949,80425
453.16160050018505,0.50351288944465,0.045034, 2.444808, 3.335304,900,81325
544.821725096863,0.5559405358131255,0.042592, 2.350926, 3.223194,980,82305
499.0157909522994,0.5097199090421853,0.042205, 2.288916, 3.151825,979,83284
499.9957392798472,0.5096796526807821,0.038365, 2.145375, 2.977531,981,84265
506.75910555928584,0.54607662236992,0.038921, 2.065288, 2.895650,928,85193
515.2810508445659,0.5373107933728529,0.039199, 2.085486, 2.916388,959,86152
519.7860979773188,0.5277016223119988,0.039962, 2.067338, 2.874680,985,87137
581.8418964568478,0.6054546269061892,0.038304, 2.081223, 2.888128,961,88098
623.6125796016421,0.6409173479975767,0.035579, 2.133187, 2.941575,973,89071
564.8365751689972,0.602813847565632,0.037708, 2.200002, 3.024044,937,90008
523.8254389954501,0.5350617354396835,0.038928, 2.220713, 3.054206,979,90987
529.9659020886979,0.536402734907589,0.037999, 2.275470, 3.123499,988,91975
530.922442068013,0.5690487053247727,0.036519, 2.257773, 3.097570,933,92908
500.26008315764096,0.5053132153107485,0.034073, 2.241732, 3.070560,990,93898
461.9039531677424,0.4851932281173764,0.033942, 2.143939, 2.937119,952,94850
533.5621373825971,0.5869770488257394,0.034718, 2.099230, 2.873847,909,95759
527.9895343288647,0.5610940853654247,0.037936, 2.118087, 2.896072,941,96700
584.5079675400483,0.6437312417841942,0.038790, 2.124221, 2.898629,908,97608
627.4736804103167,0.6682360813741391,0.040644, 2.158303, 2.952947,939,98547
531.5045822057963,0.5352513415969751,0.040220, 2.265196, 3.114906,993,99540
561.8785699002217,0.5635692777334219,0.043535, 2.350085, 3.231773,997,100537
566.7528558267546,0.608757095410048,0.041054, 2.389927, 3.289421,931,101468
526.4025246024195,0.5660242200026016,0.040702, 2.416497, 3.331623,930,102398
554.6857571553718,0.615633470760679,0.035333, 2.381790, 3.278914,901,103299
603.465802278532,0.6595254669710733,0.036970, 2.365344, 3.243578,915,104214
524.2386501637262,0.5741934832023289,0.035349, 2.376672, 3.249899,913,105127
602.5147910163316,0.6513673416392775,0.033668, 2.391344, 3.256998,925,106052
571.4364976612799,0.576044856513387,0.035171, 2.370127, 3.231548,992,107044
575.6682047506135,0.5934723760315603,0.036299, 2.367184, 3.241560,970,108014
592.736638750037,0.6292321005839033,0.037240, 2.370216, 3.249400,942,108956
541.0147151881815,0.5426426431175341,0.033951, 2.337465, 3.219278,997,109953
589.4563379270595,0.619176825553634,0.035423, 2.305646, 3.168635,952,110905
657.4752571166539,0.7193383557074988,0.036598, 2.320317, 3.188838,914,111819
530.5959809655525,0.5843568072307846,0.034689, 2.368764, 3.241251,908,112727
555.009678344286,0.5594855628470625,0.034061, 2.344208, 3.204690,992,113719
583.926736936416,0.6044790237437019,0.036730, 2.324292, 3.178746,966,114685
555.3540910504165,0.5815226084297556,0.033105, 2.360589, 3.238397,955,115640
576.9625621995654,0.5917564740508363,0.035967, 2.362029, 3.229752,975,116615
528.1999401371608,0.5697949731792457,0.036901, 2.272227, 3.100590,927,117542
559.9266182550349,0.6072956814045931,0.039290, 2.296570, 3.143699,922,118464
578.7664571399437,0.6374079924448719,0.040878, 2.314026, 3.179933,908,119372
692.9615692944758,0.7279008080824325,0.041838, 2.362045, 3.241826,952,120324
646.9023985670565,0.6634896395559554,0.039443, 2.396400, 3.294159,975,121299
569.9866057015076,0.6044396667036136,0.041486, 2.433545, 3.344615,943,122242
603.6100504432206,0.6203597640731969,0.039324, 2.444666, 3.350240,973,123215
652.7772990609307,0.6750540838272292,0.037229, 2.463053, 3.367152,967,124182
651.3376244386783,0.6784766921236233,0.037968, 2.454590, 3.360858,960,125142
691.5828408283697,0.7484662779527811,0.038554, 2.466786, 3.375507,924,126066
613.8186141954178,0.616903129844641,0.040014, 2.506093, 3.426908,995,127061
612.3371594396065,0.6766156457896204,0.038917, 2.560597, 3.505078,905,127966
581.9214263730348,0.5836724437041473,0.037181, 2.586616, 3.536322,997,128963
513.0657727324952,0.5214083056224545,0.037198, 2.533815, 3.463083,984,129947
595.8847305125867,0.6207132609506111,0.041675, 2.471917, 3.376426,960,130907
539.0728606630644,0.5574693491862093,0.038051, 2.362459, 3.235301,967,131874
584.100417883306,0.5852709598029119,0.039798, 2.301230, 3.160579,998,132872
556.4376392336492,0.5689546413431996,0.038317, 2.259070, 3.109041,978,133850
661.9916321008595,0.6975675786099679,0.042954, 2.269334, 3.124458,949,134799
686.3845130442452,0.7255650243596672,0.042879, 2.336630, 3.211965,946,135745
605.9992167204258,0.6183665476739039,0.035881, 2.409664, 3.322083,980,136725
538.8936463410896,0.5454389133006979,0.039426, 2.423490, 3.329106,988,137713
655.4259313935432,0.6580581640497422,0.036585, 2.410574, 3.313864,996,138709
610.8619633142308,0.6220590257782391,0.034752, 2.427868, 3.342198,982,139691
580.0032303637915,0.6150617501206698,0.034898, 2.372070, 3.268980,943,140634
626.6461554545881,0.6589339174075585,0.036175, 2.348076, 3.236587,951,141585
583.8281445603315,0.6304839574085653,0.037952, 2.331539, 3.204350,926,142511
584.3190577366599,0.6144259282194111,0.037255, 2.393179, 3.283685,951,143462
652.839242098665,0.6654834272157645,0.039453, 2.377630, 3.253066,981,144443
615.2900034012298,0.6436087901686505,0.039781, 2.407609, 3.293272,956,145399
598.5823776353334,0.6101757162439688,0.035178, 2.410591, 3.298272,981,146380
591.7218180785055,0.6288223358963927,0.034477, 2.417856, 3.310114,941,147321
646.1151990951128,0.6947475259087234,0.029607, 2.425658, 3.320879,930,148251
626.5603514857405,0.6623259529447574,0.028599, 2.471273, 3.380164,946,149197
502.03708182322123,0.5086495256567591,0.029756, 2.423798, 3.326368,987,150184
575.7205358831619,0.6066602064100758,0.030788, 2.375072, 3.266570,949,151133
614.1990723668335,0.6734638951390719,0.033309, 2.396331, 3.283937,912,152045
665.7004463772603,0.709701968419254,0.037242, 2.390538, 3.275542,938,152983
610.1434378402092,0.6342447378796354,0.038273, 2.362959, 3.237780,962,153945
573.0317017967972,0.6297051668096673,0.039293, 2.377595, 3.257613,910,154855
607.4088767706468,0.6414032489658361,0.040135, 2.438830, 3.343501,947,155802
569.321918087647,0.627697814870614,0.039639, 2.429469, 3.329218,907,156709
631.3664605660475,0.677431824641682,0.039281, 2.432758, 3.324627,932,157641
683.812011946861,0.7465196636974466,0.036662, 2.460695, 3.366733,916,158557
678.8741581250297,0.7116081322065301,0.037443, 2.498486, 3.422311,954,159511
578.6015017149375,0.5850369076996335,0.035099, 2.527961, 3.462389,989,160500
654.3521087218994,0.6609617259817165,0.038737, 2.526556, 3.452146,990,161490
621.8890333914763,0.64511310517788,0.035058, 2.546628, 3.478807,964,162454
510.54177674976927,0.5323689017203016,0.033818, 2.474064, 3.381250,959,163413
528.1397284517335,0.5455988930286503,0.034489, 2.347294, 3.215733,968,164381
601.0496071848594,0.6518976216755524,0.035235, 2.287808, 3.146443,922,165303
565.7577700622832,0.5796698463752901,0.037975, 2.277530, 3.140356,976,166279
583.8851032913475,0.6218158714497843,0.038081, 2.217966, 3.081853,939,167218
554.2018584295308,0.5701665210180359,0.039216, 2.157317, 3.023363,972,168190
582.4509125475256,0.6079863387761227,0.038907, 2.201054, 3.082623,958,169148
620.668522633132,0.651962733858332,0.034272, 2.248860, 3.142522,952,170100
582.5258883231736,0.6216925168870583,0.032566, 2.280434, 3.168337,937,171037
589.2884977564183,0.594640260097294,0.031201, 2.312403, 3.192857,991,172028
643.1389309750014,0.6457218182479934,0.032294, 2.350009, 3.230766,996,173024
595.6620604284674,0.6336830430090079,0.028070, 2.374116, 3.246361,940,173964
569.7980557319971,0.6213719255528867,0.031875, 2.377415, 3.251043,917,174881
575.5608993386056,0.5755608993386057,0.032706, 2.336167, 3.196596,1000,175881
617.1823527813631,0.6408954857542711,0.031176, 2.347363, 3.216232,963,176844
643.2686093453331,0.687252787762108,0.032919, 2.382093, 3.259021,936,177780
596.5045022502277,0.6130570423948897,0.033016, 2.377679, 3.254236,973,178753
598.1026647209703,0.6376361031140408,0.034303, 2.353286, 3.225035,938,179691
594.4447931092952,0.6041105621029423,0.033420, 2.392629, 3.275669,984,180675
509.4126459550184,0.5124875713833182,0.036476, 2.376015, 3.260797,994,181669
614.2273230758319,0.6654683890312372,0.037670, 2.327259, 3.210533,923,182592
610.0346095653697,0.6308527503261321,0.037663, 2.294471, 3.181563,967,183559
544.52179134126,0.5805136368243711,0.038504, 2.296384, 3.183449,938,184497
659.5088683114016,0.6695521505699508,0.035828, 2.295850, 3.161940,985,185482
678.4042216531045,0.6943748430430957,0.038307, 2.367172, 3.253147,977,186459
640.1177092785365,0.6824282614909771,0.040220, 2.452311, 3.361832,938,187397
530.596562273308,0.5754843408604208,0.033894, 2.443857, 3.348025,922,188319
695.4732973571807,0.7032085918677258,0.034049, 2.479841, 3.395598,989,189308
601.5598844087837,0.635226910674534,0.034929, 2.513558, 3.452316,947,190255
