total_reward,mean_reward,loss,mae,mean_q,episode_steps,step
26.946473220856205,0.07224255555189331,14.545236, 10.022401, 25.317719,373,373
63.247755074177185,0.08870652885578847,7.874923, 11.006437, 23.050846,713,1086
69.35827759548755,0.06746914162985171,0.524432, 13.041529, 18.425312,1028,2114
41.318233844609026,0.029158951195913215,0.110291, 8.181948, 11.276155,1417,3531
37.212497186983605,0.022163488497310067,0.061329, 4.549426, 6.356966,1679,5210
21.62485820311418,0.011855733663988037,0.015525, 2.501808, 3.549996,1824,7034
36.221262521190496,0.020156517819249025,0.006938, 1.627130, 2.336830,1797,8831
89.2437006124062,0.052682231766473554,0.007375, 1.205186, 1.752567,1694,10525
591.2865701282542,0.4019623182381062,0.007347, 0.811519, 1.238848,1471,11996
1029.5335181121445,0.8867644428183846,0.007926, 0.908105, 1.424321,1161,13157
417.19149412604986,0.983942203127476,0.007214, 1.053503, 1.603736,424,13581
692.2084840065475,0.9988578412792892,0.008337, 1.311945, 1.932309,693,14274
1044.3181630680892,0.988937654420539,0.007193, 1.708578, 2.426351,1056,15330
1163.3528159757577,0.8315602687460741,0.007768, 2.246770, 3.104694,1399,16729
999.6146292973883,0.5928912392036704,0.011104, 2.562900, 3.486998,1686,18415
869.0258289860517,0.467972982760394,0.021554, 2.764479, 3.801333,1857,20272
423.32296665919466,0.2291948926146154,0.041296, 3.079842, 4.257214,1847,22119
771.835549946258,0.45322110977466706,0.035219, 2.455701, 3.423404,1703,23822
1287.4400701381699,0.8860564832334273,0.031236, 2.215438, 3.066124,1453,25275
1142.2128018351839,0.9745843019071535,0.021303, 2.225231, 3.044281,1172,26447
378.47491755410124,0.9986145581902407,0.019380, 2.588315, 3.522909,379,26826
717.4531510236429,0.9909573909166339,0.018495, 2.910286, 3.948476,724,27550
1086.4552469369598,0.9949223873049082,0.015181, 3.198572, 4.328405,1092,28642
1263.7585645487547,0.8918550208530379,0.013241, 3.552674, 4.796350,1417,30059
1097.714312275597,0.6400666543881032,0.016098, 3.458520, 4.674734,1715,31774
682.5507542378341,0.37359099848814126,0.021541, 2.975074, 4.047839,1827,33601
179.81261842858817,0.09756517549028115,0.023949, 2.284845, 3.138015,1843,35444
556.8740701380655,0.32718805531026174,0.028108, 1.860430, 2.570683,1702,37146
1135.3615708601978,0.8069378613078876,0.029878, 1.830007, 2.548540,1407,38553
1079.4576233388652,0.9742397322552935,0.034500, 2.188595, 3.027831,1108,39661
421.943775888348,0.9975030162845107,0.030837, 2.601850, 3.586457,423,40084
646.416155964662,0.9914358220316902,0.030207, 2.833256, 3.890460,652,40736
1085.8529195471697,0.9898385775270462,0.025972, 3.120562, 4.257488,1097,41833
1302.3802404463045,0.9625870217637136,0.017934, 3.535559, 4.802309,1353,43186
1175.3271338100183,0.7123194750363747,0.014332, 3.583800, 4.849470,1650,44836
1061.1243062938363,0.5748235678731508,0.021685, 3.209759, 4.389398,1846,46682
1011.6315128030631,0.5555362508528627,0.034850, 2.715242, 3.778901,1821,48503
930.3681297976746,0.5371640472272948,0.044451, 2.415316, 3.408325,1732,50235
1007.3310025740241,0.6995354184541834,0.041255, 2.357329, 3.347368,1440,51675
1110.5849704533368,0.9767677840398741,0.037636, 2.498454, 3.518562,1137,52812
414.0115464706223,0.9952200636313037,0.034415, 2.652802, 3.708645,416,53228
670.0818823622575,0.994186769083468,0.028270, 2.884727, 4.006901,674,53902
1070.6902631164853,0.9849956422414768,0.026054, 3.057378, 4.204081,1087,54989
1187.5094061195914,0.8537091345216329,0.018424, 3.402528, 4.637462,1391,56380
1113.1402742421621,0.679572816997657,0.019476, 3.521676, 4.766282,1638,58018
938.9498384568153,0.5072662552440925,0.025671, 3.124071, 4.263372,1851,59869
872.3995797646148,0.46827674705561717,0.035734, 2.644722, 3.643772,1863,61732
694.2862983699781,0.40201870200925194,0.038535, 2.243807, 3.106288,1727,63459
1144.0837561589183,0.7895678096334839,0.034146, 2.210749, 3.063207,1449,64908
1085.840646813186,0.9791169042499422,0.028607, 2.396009, 3.307357,1109,66017
407.131447790365,0.9954314126903789,0.024713, 2.581581, 3.554948,409,66426
690.2226277404993,0.9974315429776002,0.023735, 2.886193, 3.957992,692,67118
1028.077570911975,0.9942723122939797,0.018621, 3.160508, 4.313411,1034,68152
1244.3748653916998,0.8875712306645505,0.013932, 3.483425, 4.728422,1402,69554
1259.7615114093694,0.7548001865844035,0.016189, 3.542198, 4.796706,1669,71223
1053.3550285647964,0.5749754522733604,0.021896, 3.233103, 4.402181,1832,73055
765.6443644268061,0.42300793614740667,0.030502, 2.665837, 3.636976,1810,74865
960.7133575794174,0.5677974926592302,0.034036, 2.320123, 3.196779,1692,76557
1337.384772379545,0.9398346959800035,0.036062, 2.361788, 3.295001,1423,77980
1165.6875626204362,0.9870343459952889,0.032891, 2.793921, 3.875292,1181,79161
432.3730713955699,0.9985521279343417,0.030137, 2.981508, 4.122713,433,79594
668.1054101889503,0.9956861552741435,0.026889, 3.244060, 4.466374,671,80265
1004.6332363853376,0.9897864397885099,0.022776, 3.432314, 4.676505,1015,81280
1300.6290925179346,0.9224319805091735,0.013197, 3.650747, 4.945297,1410,82690
1345.8674419005754,0.7963712673967902,0.013419, 3.569776, 4.853383,1690,84380
1149.9033738694825,0.6225789788140133,0.022703, 3.285376, 4.509451,1847,86227
843.4574469655976,0.45056487551581065,0.033536, 2.794273, 3.877985,1872,88099
1080.6743099560135,0.655351309858104,0.044289, 2.456528, 3.431684,1649,89748
1201.9932060399815,0.8555111786761435,0.047984, 2.348598, 3.283843,1405,91153
1113.7568128562502,0.9701714397702528,0.043769, 2.597957, 3.613105,1148,92301
377.0645978816686,0.9870800991666717,0.036627, 2.869584, 3.974510,382,92683
691.0686107727357,0.9733360715108954,0.033582, 3.108958, 4.294317,710,93393
1041.4646962434708,0.9779011232333059,0.025085, 3.235544, 4.449944,1065,94458
1216.7952596185005,0.8515012313635413,0.013731, 3.523844, 4.821082,1429,95887
1084.5696232491482,0.6475042526860586,0.016445, 3.447793, 4.716383,1675,97562
990.2703646994489,0.5532236674298597,0.025446, 3.022990, 4.193825,1790,99352
849.0190831389667,0.47724512824000376,0.038002, 2.548536, 3.584607,1779,101131
1155.0223291921907,0.7021412335514837,0.046750, 2.306841, 3.266543,1645,102776
1265.0345852851892,0.8635048363721428,0.041380, 2.416587, 3.394230,1465,104241
1122.407713746425,0.9593228322619017,0.036828, 2.642465, 3.671164,1170,105411
412.81807911961545,0.9947423593243746,0.030036, 2.895506, 4.004493,415,105826
682.5608312415416,0.9978959521075169,0.026509, 3.146602, 4.335176,684,106510
1007.2635708428768,0.994337187406591,0.021655, 3.284784, 4.479694,1013,107523
1157.243464358668,0.8230750102124239,0.016424, 3.516776, 4.759476,1406,108929
1025.3682562789627,0.6052941300348068,0.021021, 3.396646, 4.605216,1694,110623
883.9752065897021,0.49522420537238215,0.029728, 2.882073, 3.969037,1785,112408
491.5687602493431,0.2692052356239557,0.036050, 2.142305, 3.018528,1826,114234
540.5369605255041,0.3113692168925715,0.032936, 1.641474, 2.344314,1736,115970
831.7856901677358,0.5631588965252105,0.035430, 1.476791, 2.127245,1477,117447
1012.4626324690189,0.8991675243952211,0.038786, 1.662465, 2.395669,1126,118573
378.88686932472297,0.9866845555331327,0.040337, 1.985231, 2.821475,384,118957
732.6054493440995,0.9820448382628679,0.037766, 2.283847, 3.210094,746,119703
999.2333045277528,0.9903204207410831,0.027902, 2.674029, 3.713073,1009,120712
1253.2040400506844,0.9174260908130926,0.018315, 3.177520, 4.362082,1366,122078
1079.4770997859077,0.6622558894392072,0.014448, 3.487460, 4.734062,1630,123708
